Chr	Start	End	Size	Mean	L.pv	G.pv	LOH.pv	X..L	X.G	X.LOH	Probe Size	Loss Mean	Gain Mean	LOH Mean	Focal-score Loss	Focal-score Gain	Focal-score LOH
1	4785739	74601397	69815659	0.095284	1	1	1	0%	1.2%	0%	148	0	0.223848	0	0	0.0000188682689189189	0
1	74703730	151364422	76660693	0.039809	1	1	1	0%	0.1%	0%	146	-0.23778	0.260885	0	0.000000166120273972603	0.00000263922702054795	0
1	151428455	167333978	15905524	0.13918	1	0	1	0%	21.9%	0%	60	-0.211578	0.250348	0	0.0000003596826	0.000913949616066667	0
1	167368532	175625635	8257104	-0.007457	1	1	1	0.2%	0.3%	0%	34	-0.227372	0.238159	0	0.0000160029763529412	0.0000213992866176471	0
1	176814067	195131586	18317520	0.114851	1	0	1	0%	10.6%	0%	56	-0.217348	0.23612	0	0.000000197941928571429	0.000445904187142857	0
2	3227806	23572106	20344301	0.137526	1	0	1	0%	18%	0%	46	-0.273201	0.242716	0	0.000000302896760869565	0.000952122103652174	0
2	24919609	32713076	7793468	0.064048	1	1	1	0%	0.2%	0%	82	0	0.219244	0	0	0.00000408275107317073	0
2	32762244	51935163	19172920	0.053095	1	1	1	0%	1.1%	0%	50	-0.229524	0.225985	0	0.0000011705724	0.0000497076606	0
2	51973494	69114282	17140789	0.108871	1	0	1	0%	17.9%	0%	21	-0.280886	0.269354	0	0.00000476168647619048	0.00230209167971429	0
2	69404533	84727350	15322818	0.18594	1	0	1	0%	40.5%	0%	48	0	0.252892	0	0	0.00213613657533333	0
2	84775444	113716767	28941324	0.122609	1	1	1	0%	8.1%	0%	59	-0.207555	0.226628	0	0.000000179411949152542	0.000309992533627119	0
2	113758646	130284547	16525902	0.062821	1	1	1	0%	0.2%	0%	80	-0.23286	0.219211	0	0.00000044534475	0.0000068366430625	0
2	130444269	144590749	14146481	0.117512	1	0	1	0%	11.9%	0%	38	0	0.236351	0	0	0.000740419265605263	0
2	144768758	156764363	11995606	0.080964	1	1	1	0%	1.7%	0%	53	0	0.225824	0	0	0.0000737634922264151	0
2	156992056	181870830	24878775	0.03732	1	1	1	0%	0.1%	0%	91	-0.205276	0.241716	0	0.000000115044791208791	0.00000175841749450549	0
3	5576239	53481755	47905517	0.067253	1	1	1	0%	1.3%	0%	65	-0.242068	0.229583	0	0.000000569790830769231	0.0000447792811384615	0
3	53863830	86142702	32278873	0.15013	1	0	1	0%	31.9%	0%	54	-0.202857	0.252896	0	0.000000191587166666667	0.00149392223762963	0
3	86782692	94882326	8099635	0.125194	1	0	1	0%	16%	0%	64	-0.248673	0.23848	0	0.000000198161296875	0.00059479520375	0
3	95006843	109168457	14161615	0.072413	1	1	1	0.1%	0.8%	0%	92	-0.231441	0.23637	0	0.00000153707011956522	0.0000213221155434783	0
3	109685698	159935833	50250136	0.138685	1	0	1	0%	22.2%	0%	107	-0.247409	0.237864	0	0.000000353771747663551	0.000493616706616822	0
4	3574853	98118874	94544022	0.06458	1	1	1	0%	0.2%	0%	150	-0.32342	0.247203	0	0.0000002199256	0.00000385966284	0
4	98383306	132553742	34170437	0.013938	1	1	1	0%	0.1%	0%	135	-0.298877	0.258318	0	0.000000451636355555556	0.00000263101666666667	0
4	132724765	138367992	5643228	-0.089873	0	1	1	5.5%	0%	0%	52	-0.226441	0.233972	0	0.000237466934846154	0.00000206075338461538	0
4	138460123	147987205	9527083	0.010606	1	1	1	0.5%	0.5%	0%	31	-0.226568	0.238807	0	0.0000357246575483871	0.0000384402235483871	0
4	148038821	156247616	8208796	0.104133	1	1	1	0%	7.6%	0%	54	-0.281053	0.23414	0	0.000000530877888888889	0.000328728224074074	0
5	3569810	21291701	17721892	0.177848	1	0	1	0%	39.4%	0%	30	-0.254217	0.2623	0	0.0000004321689	0.00344257383666667	0
5	21378374	31481749	10103376	0.074821	1	1	1	0%	1.8%	0%	45	-0.221638	0.224088	0	0.00000150221311111111	0.000091278512	0
5	31512903	38503143	6990241	0.149108	1	0	1	0%	17.9%	0%	39	-0.242934	0.235771	0	0.000000317682923076923	0.00108380301453846	0
5	38561666	64128355	25566690	0.208018	1	0	1	0%	55.6%	0%	24	-0.316697	0.286086	0	0.000000672981125	0.0066332138365	0
5	64351486	98030733	33679248	0.126577	1	0	1	0%	12.4%	0%	67	-0.28794	0.231797	0	0.000000438356417910448	0.000430519681791045	0
5	99037351	105486189	6448839	0.054369	1	1	1	0%	3.8%	0%	26	-0.334424	0.235525	0	0.00000196795661538462	0.000342235942307692	0
5	105613018	114949783	9336766	0.10339	1	1	1	0%	3.8%	0%	48	-0.255451	0.223542	0	0.0000002714166875	0.000178791685875	0
5	115098790	124354671	9255882	0.048705	1	1	1	0%	0.2%	0%	70	-0.271611	0.255957	0	0.000000395776028571429	0.00000595648504285714	0
5	124425914	143421900	18995987	0.103181	1	1	1	0%	3.6%	0%	101	-0.253599	0.223548	0	0.000000256109881188119	0.0000802404519207921	0
5	143528036	151233836	7705801	0.153666	1	0	1	0%	40.1%	0%	41	-0.286116	0.262854	0	0.000000711800780487805	0.00257095574078049	0
6	3399571	34396950	30997380	0.203313	1	0	1	0%	53.1%	0%	58	0	0.265682	0	0	0.00243449913468965	0
6	34775473	71979356	37203884	0.124861	1	1	1	0%	7.4%	0%	73	-0.230462	0.22556	0	0.000000161007698630137	0.000229063904657534	0
6	72345184	88912238	16567055	0.071055	1	1	1	0%	1.5%	0%	68	-0.245666	0.228958	0	0.0000005527485	0.0000505727817647059	0
6	89362613	113153435	23790823	0.091771	1	1	1	0%	6.4%	0%	38	-0.235991	0.237467	0	0.00000126689905263158	0.000402500315868421	0
6	113281387	124810619	11529233	0.015673	1	1	1	0%	0%	0%	58	-0.235315	0.305609	0	0.00000144434724137931	0.00000214453212068966	0
6	124814296	149563329	24749034	0.092044	1	1	1	0%	1.9%	0%	74	-0.213918	0.226742	0	0.000000442289918918919	0.0000589713044864865	0
7	3299345	46084212	42784868	0.072534	1	1	1	0%	0.6%	0%	192	0	0.2149	0	0	0.00000678166197916667	0
7	46639807	80371375	33731569	0.104407	1	1	1	0%	4.9%	0%	54	-0.208	0.2266	0	0.000000196444444444444	0.000206394833333333	0
7	80387946	99353230	18965285	-0.108379	0	1	1	12.2%	0%	0%	36	-0.235331	0.248258	0	0.000795157301111111	0.0000010550965	0
7	99483738	105744361	6260624	-0.001742	1	1	1	0.2%	0.2%	0%	29	-0.23108	0.228569	0	0.0000162313779310345	0.0000176549848275862	0
7	105752207	116334190	10581984	0.125548	1	0	1	0%	18%	0%	29	-0.230959	0.242314	0	0.000000812338551724138	0.001501377544	0
7	116443458	128740495	12297038	0.007901	1	1	1	0.1%	0%	0%	72	-0.224421	0.228941	0	0.00000174549666666667	0.00000129415259722222	0
7	128784836	144553729	15768894	0.052386	1	1	1	0%	0.5%	0%	67	0	0.221391	0	0	0.0000180020622089552	0
8	3279617	57653032	54373416	0.103333	1	1	1	0%	1.2%	0%	116	0	0.221557	0	0	0.0000229502492413793	0
8	60983300	72153142	11169843	0.061473	1	1	1	0%	0.5%	0%	58	0	0.222713	0	0	0.0000209196624827586	0
8	72223764	95347507	23123744	0.132895	1	0	1	0%	11.7%	0%	88	0	0.23038	0	0	0.000305384397727273	0
8	95434869	119348927	23914059	0.087874	1	1	1	0%	2.1%	0%	64	-0.20479	0.222891	0	0.00000016319203125	0.00007394408925	0
8	119558761	128733200	9174440	0.002229	1	1	1	0%	0%	0%	52	-0.223871	0.233479	0	0.00000175222109615385	0.00000159843315384615	0
9	3387050	37348392	33961343	0.101192	1	1	1	0%	1.4%	0%	80	0	0.217689	0	0	0.0000383785707	0
9	37524148	50528641	13004494	0.042263	1	1	1	0%	0.5%	0%	39	-0.247264	0.223693	0	0.000000323345230769231	0.0000286212325641026	0
9	50603849	56496884	5893036	0.138437	1	0	1	0%	17.7%	0%	26	-0.243907	0.242501	0	0.000000478432961538462	0.00164931458973077	0
9	56938398	66066629	9128232	0.038107	1	1	1	0%	0.2%	0%	51	-0.243966	0.232747	0	0.00000145901235294118	0.0000104553603333333	0
9	66126587	83872389	17745803	0.113577	1	0	1	0%	13.3%	0%	42	-0.267464	0.235856	0	0.00000162388857142857	0.000745698053333333	0
9	84124240	96478675	12354436	-0.002651	1	1	1	0.3%	0.3%	0%	28	-0.2228	0.22926	0	0.0000263381428571429	0.0000245963228571429	0
9	96631617	124147699	27516083	0.055091	1	1	1	0%	0.1%	0%	112	-0.245327	0.239527	0	0.000000223422803571429	0.00000228619966964286	0
10	4167081	62792368	58625288	0.006173	1	1	1	0%	0%	0%	119	-0.229984	0.25323	0	0.000000885148504201681	0.000000866089159663866	0
10	62946498	88447329	25500832	0.058698	1	1	1	0%	0.2%	0%	121	-0.220056	0.232939	0	0.000000278252628099174	0.00000421407827272727	0
10	88504073	112929001	24424929	0.140703	1	0	1	0%	22.4%	0%	50	-0.225372	0.247149	0	0.00000022987944	0.00110889824724	0
10	115251493	127621148	12369656	0.032565	1	1	1	0%	0.5%	0%	44	-0.267969	0.232632	0	0.000000931801295454545	0.0000290737129090909	0
10	127660957	128924035	1263079	0.126521	1	0	1	0.1%	29.3%	0%	28	-0.2291	0.25656	0	0.00000541657857142857	0.00268727358	0
11	3244588	67688990	64444403	0.055747	1	1	1	0%	0%	0%	211	-0.246436	0.234078	0	0.000000178695298578199	0.000000394937289099526	0
11	68207148	70647479	2440332	-0.044158	0	1	1	2.9%	0.1%	0%	38	-0.238322	0.220858	0	0.000184254264157895	0.00000650949894736842	0
11	70651421	79254671	8603251	0.089064	1	1	1	0%	1.6%	0%	65	-0.217579	0.228103	0	0.000000512147492307692	0.0000569976757846154	0
11	79523762	84069261	4545500	-0.075381	0	1	1	11.7%	0.5%	0%	26	-0.242246	0.235733	0	0.00108921255323077	0.0000457050020384615	0
11	84129600	117763439	33633840	0.036342	1	1	1	0%	0%	0%	203	-0.25495	0.309392	0	0.000000320257389162562	0.0000000777290246305419	0
11	117814283	121716306	3902024	-0.044436	0	1	1	1.3%	0%	0%	36	-0.226981	0.235422	0	0.0000802566985833333	0.000002328062	0
12	3250377	31634658	28384282	0.032681	1	1	1	0.1%	0.6%	0%	46	-0.277164	0.239427	0	0.0000055191787826087	0.0000294182913913043	0
12	31937630	83683123	51745494	0.090542	1	1	1	0.1%	1.8%	0%	121	-0.265565	0.234897	0	0.00000111712880165289	0.0000340018260743802	0
12	83735199	118301440	34566242	0.048191	1	1	1	0.1%	0.3%	0%	98	-0.273295	0.244113	0	0.00000156168571428571	0.00000799096432653061	0
13	3566261	54383917	50817657	0.091799	1	1	1	0%	0.8%	0%	113	-0.308775	0.229166	0	0.00000069679314159292	0.0000170373766902655	0
13	54468849	93499808	39030960	0.096767	1	1	1	0%	3.1%	0%	95	-0.274701	0.224291	0	0.000000737355315789474	0.0000729677646947368	0
13	93943016	99516602	5573587	0.013219	1	1	1	0.2%	0.4%	0%	26	-0.251235	0.249293	0	0.0000231232828846154	0.0000346613151923077	0
13	100104070	119790805	19686736	0.132299	1	0	1	0%	16.8%	0%	47	-0.291047	0.242303	0	0.00000188870925531915	0.000864392753276596	0
14	7951588	21052508	13100921	0.126287	1	0	1	0%	17%	0%	30	-0.272133	0.243182	0	0.0000027666855	0.0013789392128	0
14	21448568	47418407	25969840	0.067498	1	1	1	0.1%	1%	0%	67	-0.25633	0.24439	0	0.00000272781029850746	0.0000349149414925373	0
14	47531962	59365470	11833509	0.055823	1	1	1	0.1%	0.8%	0%	57	-0.239463	0.228882	0	0.00000299538805263158	0.0000323044857894737	0
14	59440884	77036904	17596021	0.013771	1	1	1	0.2%	0.1%	0%	66	-0.244469	0.269705	0	0.00000754520231818182	0.00000478522053030303	0
14	77112257	123975618	46863362	0.128609	1	0	1	0%	15.9%	0%	42	-0.256618	0.24409	0	0.00000279835819047619	0.000922648576666667	0
15	3583492	76069784	72486293	0.178317	1	0	1	0%	46%	0%	111	0	0.266737	0	0	0.0011048582965045	0
15	76080946	80253366	4172421	0.072731	1	1	1	0%	3.3%	0%	59	-0.237933	0.228374	0	0.00000041134179661017	0.000127316569627119	0
15	80257540	103366763	23109224	0.129458	1	0	1	0%	10.9%	0%	123	-0.2001	0.230536	0	0.0000000829682926829268	0.000204700973788618	0
16	3750790	16359030	12608241	0.075244	1	1	1	0%	1.3%	0%	50	-0.305767	0.221904	0	0.00000062376468	0.00005694500448	0
16	16892990	20127744	3234755	0.024634	1	1	1	0.2%	0.6%	0%	26	-0.228519	0.224309	0	0.0000210325371923077	0.0000483213349615385	0
16	20232573	35002420	14769848	0.073146	1	1	1	0%	2.5%	0%	50	-0.322672	0.228691	0	0.00000098737632	0.00011527855928	0
16	35363918	45742955	10379038	-0.002674	0.997	1	1	0.6%	0.3%	0%	29	-0.231998	0.23304	0	0.0000496955715862069	0.0000233200717241379	0
16	45953598	76373827	30420230	0.091551	1	1	1	0%	5.7%	0%	34	-0.254051	0.231334	0	0.0000019053825	0.000389736554529412	0
16	77116779	92087473	14970695	-0.034155	0	1	1	1.1%	0.1%	0%	28	-0.227022	0.234102	0	0.0000899980071428571	0.0000110696802857143	0
16	92112227	98010000	5897774	0.08784	1	1	1	0%	6.8%	0%	15	-0.231457	0.236819	0	0.0000023608614	0.001069948242	0
17	3198855	12992546	9793692	0.186261	1	0	1	0%	41.7%	0%	22	0	0.257812	0	0	0.00488380302836364	0
17	13018119	28301469	15283351	0.087477	1	1	1	0%	2.5%	0%	77	0	0.222667	0	0	0.0000724419612597403	0
17	28326568	33890661	5564094	0.047629	1	1	1	0%	0.9%	0%	42	-0.235089	0.224487	0	0.000000285465214285714	0.0000500766357857143	0
17	33929288	34628510	699223	-0.114619	0	1	1	18.3%	0.8%	0%	20	-0.256324	0.255869	0	0.0023505038962	0.00010422823715	0
17	34655074	45119290	10464217	-0.010972	1	1	1	0.4%	0.1%	0%	51	-0.228579	0.218727	0	0.0000191692624117647	0.00000633450547058824	0
17	45433707	56075028	10641322	0.087586	1	1	1	0%	2.1%	0%	45	0	0.220968	0	0	0.0001030103712	0
17	56218889	80062334	23843446	0.117693	1	1	1	0%	7.8%	0%	67	0	0.228106	0	0	0.000266781882985075	0
17	80207305	94834799	14627495	0.10719	1	0	1	0%	9.9%	0%	33	0	0.239329	0	0	0.000717116712727273	0
18	3337748	25467321	22129574	0.15285	1	0	1	0%	23.2%	0%	43	-0.22007	0.259047	0	0.000000261013255813953	0.00139750434586047	0
18	30348126	35617186	5269061	0.311563	1	0	1	0%	74.5%	0%	27	-0.239603	0.375014	0	0.000000452583444444444	0.0103534142908148	0
18	35662186	46741579	11079394	0.199559	1	0	1	0%	52.1%	0%	43	-0.229229	0.273285	0	0.00000108750502325581	0.00330911273302326	0
18	46790826	57946821	11155996	0.114609	1	0	1	0%	16.7%	0%	17	-0.240033	0.25267	0	0.00000574667241176471	0.00247539312705882	0
18	58679570	90543267	31863698	0.033407	1	1	1	0%	0.2%	0%	74	-0.267692	0.25735	0	0.000000553471297297297	0.00000637462905405405	0
19	3292837	10207824	6914988	0.037657	1	1	1	0.1%	0.5%	0%	98	-0.224106	0.226939	0	0.00000151385889795918	0.0000115553633673469	0
19	10304877	12833807	2528931	-0.105169	0	1	1	17.5%	0.5%	0%	21	-0.240871	0.229973	0	0.00200200505152381	0.0000512949300952381	0
19	14598051	42592343	27994293	0.041079	1	1	1	0%	0.7%	0%	83	-0.216803	0.231405	0	0.0000010631183253012	0.0000193069834337349	0
19	42779978	61092553	18312576	0.144583	1	0	1	0%	15%	0%	65	0	0.234898	0	0	0.000543543130553846	0
