Chr	Start	End	Size	Mean	L.pv	G.pv	LOH.pv	X..L	X.G	X.LOH	Probe Size	Loss Mean	Gain Mean	LOH Mean	Focal-score Loss	Focal-score Gain	Focal-score LOH
1	4785739	54926387	50140649	-0.035943	1	1	1	0.1%	0%	0%	89	-0.216564	0.419942	0	0.00000328252624719101	0.00000100502973033708	0
1	55027481	74588246	19560766	0.037817	1	1	1	0%	0.7%	0%	58	-0.225544	0.228976	0	0.000000552193931034483	0.0000260716811034483	0
1	74601397	91398815	16797419	-0.065364	0	1	1	2.5%	0%	0%	54	-0.224974	0.316853	0	0.000106212725111111	0.00000249961811111111	0
1	91529307	153186447	61657141	-0.017903	1	1	1	0.1%	0.1%	0%	103	-0.229757	0.292679	0	0.00000190051421359223	0.00000242099522330097	0
1	153332786	170110762	16777977	0.083547	1	0	1	0%	6%	0%	54	-0.24297	0.233435	0	0.00000159730277777778	0.000261239702222222	0
1	170174957	195131586	24956630	0.025127	1	1	1	0%	0.1%	0%	86	-0.228512	0.269304	0	0.00000132058679069767	0.00000422431506976744	0
2	3227806	20968881	17741076	0.063717	1	1	1	0%	2.6%	0%	40	-0.275525	0.231354	0	0.000001467170625	0.00014950673865	0
2	22875653	33247717	10372065	-0.036872	1	1	1	0.1%	0%	0%	94	-0.21629	0	0	0.00000228715170212766	0	0
2	33371486	53134202	19762717	0.021495	1	1	1	0.1%	0.5%	0%	49	-0.235187	0.224594	0	0.00000340781163265306	0.0000208322393877551	0
2	53191284	76673116	23481833	0.079206	1	0	1	0%	5.3%	0%	46	-0.282853	0.239954	0	0.00000305604219565217	0.000275597601782609	0
2	76696828	147078000	70381173	0.017793	1	1	1	0%	0%	0%	202	-0.244428	0.21466	0	0.000000429564059405941	0.000000150899603960396	0
2	148676027	181870830	33194804	-0.025686	1	1	1	0%	0%	0%	137	-0.224124	0.242145	0	0.000000348455562043796	0.000000376473613138686	0
3	5576239	51496232	45919994	-0.029402	1	1	1	0.3%	0.1%	0%	59	-0.23258	0.246625	0	0.0000131585091525424	0.00000296786016949153	0
3	51560879	69044755	17483877	0.148133	1	0	1	0.1%	24%	0%	41	-0.228191	0.242997	0	0.00000592740036585366	0.0014229785784878	0
3	69127113	90052475	20925363	0.042146	1	1	1	0.1%	0.5%	0%	62	-0.224102	0.228823	0	0.00000333622816129032	0.0000172982806612903	0
3	90068347	95228677	5160331	0.120505	1	0	1	0.1%	22.7%	0%	26	-0.225169	0.246714	0	0.00000922326865384615	0.002157627798	0
3	95236409	109685698	14449290	-0.003026	1	1	1	0.5%	0.2%	0%	88	-0.236644	0.226776	0	0.0000126039821363636	0.000004025274	0
3	113630149	159935833	46305685	0.105052	1	0	1	0.1%	4.8%	0%	106	-0.238292	0.230804	0	0.00000175571747169811	0.000104525905849057	0
4	3574853	114987241	111412389	-0.045554	1	1	1	0%	0%	0%	183	-0.278718	0.298563	0	0.000000756955442622951	0.000000579179590163935	0
4	115043196	132353686	17310491	-0.024087	1	1	1	0%	0.1%	0%	99	-0.293785	0.293663	0	0.00000105347146464646	0.00000231667477777778	0
4	132422489	147947314	15524826	-0.092264	0.002	1	1	1%	0%	0%	85	-0.221503	0.282669	0	0.0000249829324823529	0.000000944447011764706	0
4	147987205	156247616	8260412	0.047108	1	1	1	0%	0.9%	0%	55	-0.257827	0.234661	0	0.00000166415609090909	0.0000384801374363636	0
5	3569810	16374511	12804702	0.110634	1	0	1	0%	11.5%	0%	25	-0.28597	0.238317	0	0.0000024364644	0.00110070996156	0
5	20882124	34632308	13750185	-0.046128	1	1	1	0.4%	0%	0%	72	-0.227941	0.376947	0	0.0000114666986388889	0.0000014868465	0
5	34637212	65830108	31192897	0.118286	1	0	1	0%	8.1%	0%	51	-0.321286	0.228034	0	0.000000894561019607843	0.000361013592039216	0
5	66173117	108109004	41935888	0.048561	1	1	1	0%	0.1%	0%	94	-0.364809	0.278334	0	0.000000551094446808511	0.000003573927	0
5	108132620	124722144	16589525	-0.040279	1	1	1	0.1%	0%	0%	114	-0.239509	0.365335	0	0.00000179001463157895	0.000000910132807017544	0
5	124902693	143904256	19001564	0.035374	1	1	1	0%	0.1%	0%	98	-0.318917	0.27274	0	0.000000462104224489796	0.00000296396020408163	0
5	143909847	151233836	7323990	0.175607	1	0	1	0%	41.2%	0%	37	-0.261304	0.249808	0	0.00000150426356756757	0.00278222647264865	0
6	3399571	29609887	26210317	0.127475	1	0	1	0%	14%	0%	42	-0.218454	0.233554	0	0.00000110787385714286	0.000780298353190476	0
6	29761365	37966296	8204932	0.079236	1	0	1	0%	6.7%	0%	24	-0.268797	0.239502	0	0.000003975955625	0.00066684342275	0
6	38254009	72390703	34136695	0.020462	1	1	1	0.1%	0.1%	0%	70	-0.255344	0.259649	0	0.00000258991771428571	0.00000263358271428571	0
6	72430712	87028461	14597750	0.031806	1	1	1	0%	0.6%	0%	49	-0.250831	0.235503	0	0.000002180694	0.0000279864075306122	0
6	87092197	108551109	21458913	0.025224	1	1	1	0.1%	0.3%	0%	44	-0.231465	0.229937	0	0.00000560250511363636	0.0000163307528409091	0
6	108666925	124738714	16071790	-0.033026	1	1	1	0.1%	0%	0%	62	-0.22767	0.402381	0	0.00000521437741935484	0.00000138237343548387	0
6	124741374	127494241	2752868	0.048497	1	1	1	0.3%	2.6%	0%	25	-0.230822	0.23114	0	0.00003147488792	0.0002389895144	0
6	127953031	149563329	21610299	0.016031	1	1	1	0.1%	0.2%	0%	53	-0.262119	0.248255	0	0.00000351140547169811	0.00000864676849056604	0
7	3299345	44862925	41563581	0.008744	1	1	1	0.1%	0%	0%	162	-0.218533	0.30474	0	0.00000105354489506173	0.000000133558888888889	0
7	44869788	68226780	23356993	0.080398	1	1	1	0%	2.9%	0%	62	-0.26024	0.220959	0	0.000000298016774193548	0.000104014667322581	0
7	70366735	105655748	35289014	-0.062394	1	1	1	0.2%	0%	0%	84	-0.238165	0.352362	0	0.00000503265327380952	0.000000297829785714286	0
7	105737376	114415161	8677786	0.071967	1	0.997	1	0%	3.2%	0%	29	-0.244985	0.226396	0	0.00000359874517241379	0.000249472778482759	0
7	114539251	132986391	18447141	-0.074731	1	1	1	0.4%	0%	0%	88	-0.225187	0.24186	0	0.00000963186213636364	0.000000195137045454545	0
7	133123350	144553729	11430380	0.03498	1	1	1	0%	0.4%	0%	54	-0.216552	0.221456	0	0.000000284725777777778	0.0000166009979259259	0
8	3279617	25847694	22568078	-0.026967	1	1	1	0.2%	0%	0%	58	-0.21999	0.317925	0	0.0000088868374137931	0.000000778368103448276	0
8	25937933	64733792	38795860	0.010264	1	1	1	0%	0.1%	0%	65	-0.228773	0.253712	0	0.00000174923355384615	0.00000332557883076923	0
8	64849818	71369732	6519915	-0.04927	0.002	1	1	1%	0%	0%	37	-0.223652	0.200389	0	0.0000588083867027027	0.000000384530243243243	0
8	71379361	95888547	24509187	0.030016	1	1	1	0%	0.1%	0%	106	-0.246822	0.235068	0	0.000000661296679245283	0.00000204686569811321	0
8	104264936	111259216	6994281	-0.02107	1	1	1	0.4%	0%	0%	41	-0.222477	0.255749	0	0.0000200392088048781	0.00000221441207317073	0
8	111300222	128733200	17432979	0.021191	1	1	1	0%	0%	0%	71	-0.242638	0.236519	0	0.000000485276	0.000001419114	0
9	3387050	37348392	33961343	-0.035124	1	1	1	0.1%	0%	0%	80	-0.235829	0.282807	0	0.0000023022806125	0.000000501982425	0
9	37524148	66949516	29425369	-0.003897	1	1	1	0%	0%	0%	121	-0.258174	0.325641	0	0.000000757452644628099	0.000000573235809917355	0
9	66975484	77794485	10819002	0.110614	1	0	1	0%	12.5%	0%	24	-0.306262	0.236458	0	0.0000054361505	0.00123207426141667	0
9	77984519	124147699	46163181	-0.031659	1	1	1	0.1%	0%	0%	153	-0.241459	0.276948	0	0.000000896396810457516	0.000000385555058823529	0
10	4167081	30600749	26433669	-0.036732	0.933	1	1	0.6%	0.1%	0%	52	-0.222784	0.24199	0	0.0000276851963076923	0.00000297368480769231	0
10	30618479	67285305	36666827	-0.095265	0	1	1	4.6%	0%	0%	75	-0.224005	0.356909	0	0.0001359531146	0.000000337873853333333	0
10	67542188	78464975	10922788	-0.036262	1	1	1	0.5%	0%	0%	34	-0.226195	0.307847	0	0.0000340157363235294	0.00000321428485294118	0
10	79676126	81350480	1674355	-0.004474	0	1	1	2.4%	0.4%	0%	53	-0.239589	0.227041	0	0.000110106967415094	0.0000161241947924528	0
10	81391560	88146941	6755382	-0.058356	0	1	1	1.4%	0%	0%	24	-0.224484	0.268883	0	0.0001315195635	0.00000397722770833333	0
10	88379080	111498142	23119063	0.077795	1	0.208	1	0%	3.8%	0%	49	-0.251463	0.231758	0	0.000000728729510204082	0.000177677980163265	0
10	111988432	127329943	15341512	0.033205	1	1	1	0%	0.4%	0%	44	-0.269127	0.233685	0	0.00000130281934090909	0.0000233844330681818	0
10	127499384	128924035	1424652	0.090477	1	0	1	0.4%	12.1%	0%	31	-0.223979	0.233835	0	0.0000292473223225807	0.000913291622419355	0
11	3244588	50172785	46928198	-0.060172	1	1	1	0.1%	0%	0%	123	-0.235382	0.203916	0	0.00000258154730081301	0.000000117707609756098	0
11	50210827	57518617	7307791	0.033651	1	1	1	0.1%	1.2%	0%	36	-0.242445	0.233054	0	0.00000765048666666667	0.0000799893117777778	0
11	57533815	75164448	17630634	-0.044899	1	1	1	0.2%	0%	0%	116	-0.244911	0.277017	0	0.00000359765813793103	0.00000016955350862069	0
11	75405705	87743623	12337919	-0.076539	0	1	1	1.3%	0%	0%	87	-0.220143	0.247005	0	0.0000341398776551724	0.000000201578793103448	0
11	87757270	121716306	33959037	-0.057666	1	1	1	0.1%	0%	0%	217	-0.251842	0	0	0.00000107119892165899	0	0
12	3250377	32979050	29728674	-0.009379	1	1	1	0.2%	0.2%	0%	51	-0.281846	0.244246	0	0.00000902459839215686	0.00000884074737254902	0
12	33375659	52312744	18937086	0.019038	1	1	1	0.5%	3%	0%	29	-0.246452	0.241493	0	0.0000386249772413793	0.000251319266896552	0
12	52567852	70111925	17544074	-0.0032	1	1	1	0.2%	0.3%	0%	40	-0.268044	0.246188	0	0.0000109428963	0.0000179224864	0
12	70468040	76396950	5928911	-0.063397	0	1	1	3.3%	0.1%	0%	22	-0.22855	0.257697	0	0.000337880009090909	0.000009979902	0
12	76579039	83541988	6962950	0.012076	1	1	1	0.2%	0.7%	0%	24	-0.28468	0.238823	0	0.0000269497066666667	0.0000713682731666667	0
12	83683123	108179314	24496192	-0.046649	1	1	1	0.4%	0.1%	0%	67	-0.247102	0.251758	0	0.0000136201147164179	0.00000266788328358209	0
12	108203359	118301440	10098082	-0.018581	1	1	1	0.3%	0.2%	0%	32	-0.234846	0.248683	0	0.0000255395025	0.000015449431375	0
13	3566261	33017957	29451697	-0.060141	0	1	1	1.5%	0%	0%	53	-0.234562	0.592813	0	0.0000660004359622642	0.00000158829143396226	0
13	33041884	54551290	21509407	-0.022068	1	1	1	0.2%	0.1%	0%	62	-0.261504	0.360592	0	0.00000808553496774194	0.000003303488	0
13	54565435	64129330	9563896	0.008346	1	1	1	0.1%	0.3%	0%	41	-0.241052	0.246396	0	0.00000876606175609756	0.0000166407444878049	0
13	64153202	92355003	28201802	0.061492	1	1	1	0.1%	1.4%	0%	47	-0.300201	0.231408	0	0.00000408145614893617	0.0000674775880851064	0
13	92389053	99415561	7026509	-0.018033	1	1	1	0.4%	0.1%	0%	30	-0.245703	0.290707	0	0.0000366425074	0.0000137601313333333	0
13	99516602	119790805	20274204	0.043163	1	1	1	0.1%	1.2%	0%	48	-0.280084	0.238721	0	0.00000828581833333333	0.0000586258989166667	0
14	7951588	25666743	17715156	0.05705	1	1	1	0.1%	1.5%	0%	39	-0.269147	0.240633	0	0.00000832975458974359	0.0000907001307692308	0
14	25700468	47418407	21717940	-0.006648	1	1	1	0.2%	0.2%	0%	58	-0.274894	0.284138	0	0.00000874921248275862	0.0000086956025862069	0
14	47531962	55610030	8078069	-0.049844	0.002	1	1	1%	0.1%	0%	32	-0.233575	0.2563	0	0.0000704958546875	0.000010804646875	0
14	55637895	70177681	14539787	-0.099514	0	1	1	5.3%	0%	0%	66	-0.226922	0.4234	0	0.000183851516757576	0.00000136642727272727	0
14	70207637	77112257	6904621	-0.050506	0	1	1	1.2%	0.1%	0%	26	-0.237364	0.290204	0	0.000114099048923077	0.0000118872023076923	0
14	77721760	123975618	46253859	0.060046	1	1	1	0.1%	2.6%	0%	41	-0.272993	0.238112	0	0.00000992762348780488	0.00015218260604878	0
15	3583492	27594909	24011418	0.123838	1	0	1	0%	17.6%	0%	26	-0.220524	0.245577	0	0.000000602200153846154	0.00166207458126923	0
15	27630693	44788063	17157371	0.226625	1	0	1	0%	62.8%	0%	39	0	0.277508	0	0	0.00447036214082051	0
15	50890463	73645762	22755300	0.134517	1	0	1	0%	22.2%	0%	37	-0.259774	0.249465	0	0.000000996970486486487	0.00149621016243243	0
15	74728034	84988551	10260518	0.026912	1	1	1	0%	0.3%	0%	100	-0.215728	0.224546	0	0.00000061266752	0.00000669820718	0
15	85463836	99251961	13788126	0.012054	1	1	1	0.1%	0.3%	0%	53	-0.229999	0.22391	0	0.00000277300681132076	0.000011098331509434	0
15	99370482	103366763	3996282	0.08303	1	0	1	0%	5.8%	0%	38	-0.238667	0.230381	0	0.000000891860894736842	0.00034915453081579	0
16	3750790	11254270	7503481	-0.030573	1	1	1	0.3%	0%	0%	34	-0.233329	0.230948	0	0.0000229074177058824	0.00000241136882352941	0
16	11755472	20232573	8477102	-0.09195	0	1	1	4.6%	0%	0%	43	-0.226384	0.214897	0	0.00024001968744186	0.000000354829930232558	0
16	20302387	33015647	12713261	-0.013947	1	1	1	0.2%	0.2%	0%	40	-0.234629	0.226365	0	0.000014576326625	0.000011652138375	0
16	33060189	59555752	26495564	-0.032489	1	1	1	0.3%	0%	0%	63	-0.240462	0.288021	0	0.00000975588685714286	0.00000129838038095238	0
16	59639391	91920597	32281207	-0.052337	0.001	1	1	1%	0%	0%	35	-0.225559	0.244168	0	0.0000659018952571429	0.0000034671856	0
16	91931687	98010000	6078314	0.01894	1	1	1	0.1%	0.8%	0%	17	-0.237647	0.229678	0	0.0000148878855882353	0.000106489529176471	0
17	3198855	22361400	19162546	0.043302	1	1	1	0%	0.5%	0%	40	-0.208307	0.221522	0	0.000000369744925	0.0000287092512	0
17	23673882	34000333	10326452	0.01354	1	1	1	0%	0%	0%	106	0	0.236359	0	0	0.000000949895603773585	0
17	34024680	35822923	1798244	-0.059605	0	1	1	4.1%	0%	0%	41	-0.23455	0.208011	0	0.000236025948780488	0.00000216128502439024	0
17	35832791	56711769	20878979	-0.036609	1	1	1	0.1%	0%	0%	80	-0.218712	0.213887	0	0.0000021351759	0.0000001898247125	0
17	56724248	80207305	23483058	0.057631	1	1	1	0%	0.7%	0%	58	-0.246093	0.222797	0	0.000000602503551724138	0.0000253681273793103	0
17	80228497	94834799	14606303	-0.02635	0.205	1	1	0.8%	0.3%	0%	32	-0.224776	0.227785	0	0.0000573600255	0.0000237608228125	0
18	3337748	32270151	28932404	0.052322	1	0.735	1	0.1%	3.5%	0%	52	-0.241971	0.245943	0	0.00000363421828846154	0.000167260158692308	0
18	32435736	36454495	4018760	0.2604	1	0	1	0%	77.4%	0%	25	-0.268631	0.296401	0	0.00000534038428	0.00917365837416	0
18	36515805	54990180	18474376	0.098383	1	0	1	0.1%	4.8%	0%	49	-0.274104	0.229347	0	0.00000397171102040816	0.000223355894693878	0
18	56503792	90543267	34039476	-0.056023	1	1	1	0.3%	0%	0%	78	-0.227542	0.301509	0	0.0000087020228974359	0.0000019211535	0
19	3292837	6300096	3007260	-0.043029	0.998	1	1	0.6%	0%	0%	61	-0.227753	0.226712	0	0.0000206807191311475	0.00000131938950819672	0
19	6378030	10207824	3829795	0.002698	0	1	1	1.8%	1.2%	0%	37	-0.22904	0.231703	0	0.000109895868108108	0.0000769316582432433	0
19	10304877	12833807	2528931	-0.155303	0	1	1	25.1%	0%	0%	21	-0.239178	0.255428	0	0.00285423635771429	0.000000863589904761905	0
19	14598051	40994535	26396485	-0.063095	0	1	1	1.7%	0.1%	0%	70	-0.221295	0.251025	0	0.0000538790097857143	0.00000280072178571429	0
19	41264004	61092553	19828550	-0.000472	1	1	1	0%	0.1%	0%	78	-0.243688	0.245245	0	0.00000155272994871795	0.00000290206583333333	0
